/usr/bin/clang++ -std=c++14 -pthread -Wall -Wno-dangling-else -O3 -o rlebwt rlebwt.cpp
generate the bb file.
229
00000000: 11111111 11111100 11001011 11111110 11101111 11011111  ......
00000006: 11111111 01110000 11111101 00110011 11110101 11101111  .p.3..
0000000c: 11110100 01110010 01111101 00111011 11111111 01010011  .r};.S
00000012: 11011011 10011010 01101000 00100110 00110011 01100011  ..h&3c
00000018: 00010111 10100100 11111111 11111111 11111111 11111111  ......
0000001e: 11111111 11111111 10101001 11111101 10011011 00011001  ......
00000024: 11000100 10111111 10010001 11000101 10110001 00011110  ......
0000002a: 10111111 11111000 11011111 01111110 01111111 11010111  ...~..
00000030: 11100011 01101011 11101011 10110111 10010011 11000011  .k....
00000036: 11101011 11101001 00100110 01111110 01110101 10100110  ..&~u.
0000003c: 01110011 11110011 10011111 11110110 00110011 00101101  s...3-
00000042: 10000111 11111111 11111110 11111111                    ....
00000000: 11110010 10100100 01001010 00100010 11110111 11000011  ..J"..
00000006: 00110111 11110111 11111111 00110011 11111111 11111111  7..3..
0000000c: 11111111 11111111 11111111 00111111 11111111 01011011  ...?.[
00000012: 11111111 11011010 01111101 00111110 01110011 00101110  ..}>s.
00000018: 00110111 10100110 11011101 11100010 01011011 00101011  7...[+
0000001e: 10000011 11100111 11111001 11100100 00111001 00100001  ....9!
00000024: 11000100 11111011 10010001 11111101 11110001 00011110  ......
0000002a: 10111110 11111001 11011111 11110110 00111010 11111101  ....:.
00000030: 11100011 01111011 11111111 11111111 10011011 11011011  .{....
00000036: 11101011 11101001 00100110 01111110 01111111 10100010  ..&~..
0000003c: 01110011 11110011 10010110 11110111 10110110 00101111  s..../
00000042: 10100111 11110111 11111110 11111111                    ....
00000000: 11110010 10100100 01001010 00100010 11110111 11000011  ..J"..
00000006: 00110111 11110111 11111111 00110011 11111111 11111111  7..3..
0000000c: 11111111 11111111 11111111 00111111 11111111 01011011  ...?.[
00000012: 11111111 11011010 01111101 00111110 01110011 00101110  ..}>s.
00000018: 00110111 10100110 11011101 11100010 01011011 00101011  7...[+
0000001e: 10000011 11100111 11111001 11100100 00111001 00100001  ....9!
00000024: 11000100 11111011 10010001 11111101 11110001 00011110  ......
0000002a: 10111110 11111001 11011111 11110110 00111010 11111101  ....:.
00000030: 11100011 01111011 11111111 11111111 10011011 11011011  .{....
00000036: 11101011 11101001 00100110 01111110 01111111 10100010  ..&~..
0000003c: 01110011 11110011 10010110 11110111 10110110 00101111  s..../
00000042: 10100111 11110111 11111110 11111111                    ....
